  A = [ ...
    16.0     3.0     2.0    13.0
     5.0    10.0    11.0     8.0
     9.0     6.0     7.0    12.0
     4.0    15.0    14.0     1.0 ]
 D = [ 72          134          3.2
      81          201          3.5
      69          156          7.1
      82          148          2.4
      75          170          1.2 ]